0,0,0
0,1,3716
0,2,3829
0,3,6690
0,4,7179
0,5,8305
0,6,7625
0,7,7027
0,8,7072
0,9,8875
0,10,9250
0,11,10718
0,12,10199
0,13,10562
0,14,10556
0,15,11746
0,16,12032
0,17,11900
0,18,12387
0,19,9592
0,20,8912
0,21,7527
0,22,6622
0,23,5261
0,24,8287
0,25,8048
0,26,10491
0,27,11113
0,28,11955
0,29,11022
0,30,10210
0,31,10006
0,32,12004
0,33,12551
0,34,13742
0,35,12937
0,36,12900
0,37,12710
0,38,14258
0,39,14722
0,40,15015
0,41,15603
0,42,13492
0,43,12777
0,44,12111
0,45,11300
0,46,9982
0,47,12987
0,48,12650
0,49,14849
0,50,15511
0,51,16186
0,52,15164
0,53,14291
0,54,13977
0,55,15954
0,56,16571
0,57,17548
0,58,16608
0,59,16322
0,60,16024
0,61,17712
0,62,18271
0,63,18826
0,64,19457
0,65,17809
0,66,17095
0,67,16787
0,68,16020
0,69,14722
0,70,19600
0,71,21652
0,72,22525
0,73,22674
0,74,11400
0,75,300
1,0,3716
1,1,0
1,2,1118
1,3,3621
1,4,3891
1,5,5206
1,6,4884
1,7,4650
1,8,4975
1,9,6248
1,10,6408
1,11,8009
1,12,7803
1,13,8500
1,14,8664
1,15,9414
1,16,9522
1,17,9031
1,18,9408
1,19,6180
1,20,5561
1,21,3833
1,22,3050
1,23,1931
1,24,4750
1,25,4366
1,26,6792
1,27,7403
1,28,8291
1,29,7410
1,30,6647
1,31,6524
1,32,8488
1,33,8985
1,34,10286
1,35,9588
1,36,9737
1,37,9638
1,38,11029
1,39,11416
1,40,11536
1,41,12092
1,42,9793
1,43,9081
1,44,8509
1,45,7800
1,46,6587
1,47,9500
1,48,9055
1,49,11147
1,50,11815
1,51,12470
1,52,11449
1,53,10577
1,54,10271
1,55,12255
1,56,12865
1,57,13878
1,58,12965
1,59,12748
1,60,12483
1,61,14134
1,62,14667
1,63,15158
1,64,15782
1,65,14098
1,66,13384
1,67,13238
1,68,12550
1,69,11322
1,70,16269
1,71,17937
1,72,18831
1,73,18986
1,74,10468
1,75,3606
2,0,3829
2,1,1118
2,2,0
2,3,2926
2,4,3360
2,5,4556
2,6,4049
2,7,3684
2,8,3950
2,9,5393
2,10,5640
2,11,7204
2,12,6894
2,13,7517
2,14,7650
2,15,8502
2,16,8661
2,17,8298
2,18,8727
2,19,5766
2,20,5092
2,21,4200
2,22,3688
2,23,2860
2,24,5344
2,25,4750
2,26,6806
2,27,7464
2,28,8194
2,29,7224
2,30,6394
2,31,6178
2,32,8176
2,33,8731
2,34,9915
2,35,9128
2,36,9155
2,37,9005
2,38,10490
2,39,10928
2,40,11187
2,41,11774
2,42,9783
2,43,9067
2,44,8950
2,45,8360
2,46,7252
2,47,10050
2,48,9500
2,49,11367
2,50,12052
2,51,12596
2,52,11537
2,53,10645
2,54,10288
2,55,12237
2,56,12875
2,57,13778
2,58,12815
2,59,12500
2,60,12197
2,61,13890
2,62,14456
2,63,15052
2,64,15691
2,65,14258
2,66,13551
2,67,13700
2,68,13088
2,69,11922
2,70,16886
2,71,17994
2,72,18784
2,73,18924
2,74,9361
2,75,3640
3,0,6690
3,1,3621
3,2,2926
3,3,0
3,4,700
3,5,1629
3,6,1368
3,7,1628
3,8,2193
3,9,2700
3,10,2789
3,11,4398
3,12,4307
3,13,5168
3,14,5441
3,15,5900
3,16,5941
3,17,5413
3,18,5814
3,19,3002
3,20,2290
3,21,3572
3,22,3963
3,23,4209
3,24,5022
3,25,3991
3,26,4750
3,27,5450
3,28,5818
3,29,4740
3,30,3842
3,31,3489
3,32,5464
3,33,6082
3,34,7110
3,35,6256
3,36,6231
3,37,6080
3,38,7574
3,39,8032
3,40,8390
3,41,9003
3,42,7501
3,43,6807
3,44,7748
3,45,7536
3,46,6850
3,47,9081
3,48,8271
3,49,9500
3,50,10200
3,51,10496
3,52,9391
3,53,8485
3,54,8041
3,55,9876
3,56,10551
3,57,11264
3,58,10240
3,59,9801
3,60,9458
3,61,11183
3,62,11783
3,63,12514
3,64,13170
3,65,12193
3,66,11513
3,67,12346
3,68,11958
3,69,11012
3,70,15891
3,71,15687
3,72,16304
3,73,16420
3,74,7865
3,75,6471
4,0,7179
4,1,3891
4,2,3360
4,3,700
4,4,0
4,5,1369
4,6,1628
4,7,2163
4,8,2746
4,9,2789
4,10,2700
4,11,4308
4,12,4397
4,13,5361
4,14,5686
4,15,5941
4,16,5900
4,17,5202
4,18,5536
4,19,2421
4,20,1733
4,21,3100
4,22,3669
4,23,4150
4,24,4539
4,25,3465
4,26,4050
4,27,4750
4,28,5139
4,29,4074
4,30,3185
4,31,2873
4,32,4867
4,33,5464
4,34,6566
4,35,5768
4,36,5849
4,37,5748
4,38,7156
4,39,7574
4,40,7842
4,41,8442
4,42,6817
4,43,6119
4,44,7087
4,45,6921
4,46,6308
4,47,8438
4,48,7605
4,49,8800
4,50,9500
4,51,9802
4,52,8699
4,53,7793
4,54,7355
4,55,9205
4,56,9876
4,57,10621
4,58,9609
4,59,9208
4,60,8881
4,61,10595
4,62,11183
4,63,11877
4,64,12530
4,65,11498
4,66,10817
4,67,11660
4,68,11290
4,69,10367
4,70,15227
4,71,15014
4,72,15658
4,73,15779
4,74,8285
4,75,6976
5,0,8305
5,1,5206
5,2,4556
5,3,1629
5,4,1369
5,5,0
5,6,1115
5,7,2014
5,8,2512
5,9,1624
5,10,1363
5,11,2950
5,12,3153
5,13,4207
5,14,4592
5,15,4637
5,16,4552
5,17,3841
5,18,4203
5,19,1698
5,20,1053
5,21,4162
5,22,4915
5,23,5507
5,24,5531
5,25,4415
5,26,4073
5,27,4739
5,28,4750
5,29,3635
5,30,2746
5,31,2247
5,32,4071
5,33,4738
5,34,5593
5,35,4680
5,36,4603
5,37,4453
5,38,5953
5,39,6427
5,40,6871
5,41,7503
5,42,6444
5,43,5794
5,44,7481
5,45,7524
5,46,7135
5,47,8899
5,48,7959
5,49,8698
5,50,9390
5,51,9500
5,52,8385
5,53,7494
5,54,6994
5,55,8697
5,56,9389
5,57,9949
5,58,8888
5,59,8355
5,60,7980
5,61,9721
5,62,10345
5,63,11171
5,64,11835
5,65,11193
5,66,10543
5,67,11820
5,68,11585
5,69,10799
5,70,15529
5,71,14485
5,72,14981
5,73,15080
5,74,7431
5,75,8080
6,0,7625
6,1,4884
6,2,4049
6,3,1368
6,4,1628
6,5,1115
6,6,0
6,7,906
6,8,1401
6,9,1364
6,10,1625
6,11,3155
6,12,2950
6,13,3804
6,14,4092
6,15,4553
6,16,4638
6,17,4281
6,18,4763
6,19,2811
6,20,2162
6,21,4726
6,22,5264
6,23,5576
6,24,6159
6,25,5072
6,26,5138
6,27,5816
6,28,5865
6,29,4750
6,30,3860
6,31,3360
6,32,5137
6,33,5815
6,34,6567
6,35,5591
6,36,5343
6,37,5107
6,38,6727
6,39,7259
6,40,7835
6,41,8480
6,42,7558
6,43,6909
6,44,8460
6,45,8412
6,46,7891
6,47,9856
6,48,8954
6,49,9801
6,50,10494
6,51,10615
6,52,9500
6,53,8608
6,54,8108
6,55,9800
6,56,10494
6,57,11019
6,58,9947
6,59,9368
6,60,8974
6,61,10720
6,62,11357
6,63,12230
6,64,12895
6,65,12308
6,66,11658
6,67,12881
6,68,12607
6,69,11772
6,70,16554
6,71,15579
6,72,16041
6,73,16134
6,74,6665
6,75,7379
7,0,7027
7,1,4650
7,2,3684
7,3,1628
7,4,2163
7,5,2014
7,6,906
7,7,0
7,8,583
7,9,1860
7,10,2343
7,11,3697
7,12,3228
7,13,3850
7,14,4031
7,15,4827
7,16,5033
7,17,4912
7,18,5449
7,19,3712
7,20,3050
7,21,5197
7,22,5561
7,23,5645
7,24,6647
7,25,5602
7,26,5972
7,27,6659
7,28,6760
7,29,5645
7,30,4750
7,31,4261
7,32,6039
7,33,6720
7,34,7438
7,35,6439
7,36,6114
7,37,5836
7,38,7504
7,39,8062
7,40,8698
7,41,9349
7,42,8455
7,43,7800
7,44,9205
7,45,9081
7,46,8457
7,47,10577
7,48,9712
7,49,10668
7,50,11364
7,51,11509
7,52,10394
7,53,9500
7,54,9005
7,55,10706
7,56,11399
7,57,11921
7,58,10845
7,59,10250
7,60,9849
7,61,11595
7,62,12238
7,63,13127
7,64,13793
7,65,13203
7,66,12550
7,67,13695
7,68,13384
7,69,12502
7,70,17328
7,71,16485
7,72,16939
7,73,17029
7,74,6255
7,75,6766
8,0,7072
8,1,4975
8,2,3950
8,3,2193
8,4,2746
8,5,2512
8,6,1401
8,7,583
8,8,0
8,9,2000
8,10,2594
8,11,3763
8,12,3129
8,13,3585
8,14,3700
8,15,4682
8,16,4965
8,17,5020
8,18,5597
8,19,4200
8,20,3563
8,21,5766
8,22,6091
8,23,6100
8,24,7216
8,25,6178
8,26,6525
8,27,7208
8,28,7259
8,29,6145
8,30,5259
8,31,4750
8,32,6462
8,33,7151
8,34,7782
8,35,6751
8,36,6338
8,37,6021
8,38,7725
8,39,8310
8,40,9027
8,41,9685
8,42,8950
8,43,8305
8,44,9783
8,45,9664
8,46,9035
8,47,11158
8,48,10288
8,49,11201
8,50,11895
8,51,12009
8,52,10894
8,53,10004
8,54,9500
8,55,11165
8,56,11861
8,57,12333
8,58,11247
8,59,10611
8,60,10195
8,61,11940
8,62,12594
8,63,13524
8,64,14191
8,65,13700
8,66,13053
8,67,14258
8,68,13957
8,69,13083
8,70,17902
8,71,16925
8,72,17335
8,73,17418
8,74,5737
8,75,6799
9,0,8875
9,1,6248
9,2,5393
9,3,2700
9,4,2789
9,5,1624
9,6,1364
9,7,1860
9,8,2000
9,9,0
9,10,700
9,11,1843
9,12,1615
9,13,2595
9,14,2968
9,15,3200
9,16,3276
9,17,3054
9,18,3607
9,19,2864
9,20,2460
9,21,5769
9,22,6452
9,23,6886
9,24,7152
9,25,6037
9,26,5464
9,27,6082
9,28,5816
9,29,4739
9,30,3946
9,31,3371
9,32,4750
9,33,5450
9,34,5883
9,35,4816
9,36,4341
9,37,4022
9,38,5727
9,39,6320
9,40,7100
9,41,7764
9,42,7447
9,43,6866
9,44,8975
9,45,9095
9,46,8754
9,47,10411
9,48,9430
9,49,9876
9,50,10551
9,51,10495
9,52,9390
9,53,8533
9,54,7991
9,55,9500
9,56,10200
9,57,10533
9,58,9429
9,59,8723
9,60,8286
9,61,10024
9,62,10690
9,63,11689
9,64,12356
9,65,12159
9,66,11548
9,67,13150
9,68,12997
9,69,12287
9,70,16927
9,71,15179
9,72,15489
9,73,15559
9,74,5858
9,75,8618
10,0,9250
10,1,6408
10,2,5640
10,3,2789
10,4,2700
10,5,1363
10,6,1625
10,7,2343
10,8,2594
10,9,700
10,10,0
10,11,1617
10,12,1841
10,13,2960
10,14,3397
10,15,3276
10,16,3200
10,17,2662
10,18,3140
10,19,2247
10,20,1953
10,21,5489
10,22,6276
10,23,6850
10,24,6821
10,25,5703
10,26,4867
10,27,5464
10,28,5138
10,29,4073
10,30,3309
10,31,2728
10,32,4050
10,33,4750
10,34,5213
10,35,4163
10,36,3772
10,37,3500
10,38,5162
10,39,5727
10,40,6444
10,41,7104
10,42,6757
10,43,6185
10,44,8411
10,45,8592
10,46,8336
10,47,9855
10,48,8852
10,49,9205
10,50,9876
10,51,9801
10,52,8698
10,53,7845
10,54,7299
10,55,8800
10,56,9500
10,57,9841
10,58,8740
10,59,8051
10,60,7622
10,61,9364
10,62,10024
10,63,11004
10,64,11671
10,65,11463
10,66,10854
10,67,12509
10,68,12385
10,69,11712
10,70,16306
10,71,14483
10,72,14808
10,73,14880
10,74,6411
10,75,9003
11,0,10718
11,1,8009
11,2,7204
11,3,4398
11,4,4308
11,5,2950
11,6,3155
11,7,3697
11,8,3763
11,9,1843
11,10,1617
11,11,0
11,12,1118
11,13,2144
11,14,2665
11,15,1838
11,16,1611
11,17,1280
11,18,1913
11,19,3273
11,20,3273
11,21,6961
11,22,7822
11,23,8456
11,24,8223
11,25,7115
11,26,5767
11,27,6255
11,28,5590
11,29,4681
11,30,4140
11,31,3588
11,32,4161
11,33,4815
11,34,4750
11,35,3632
11,36,2840
11,37,2413
11,38,4159
11,39,4813
11,40,5838
11,41,6502
11,42,7024
11,43,6569
11,44,9331
11,45,9676
11,46,9595
11,47,10780
11,48,9719
11,49,9607
11,50,10238
11,51,9946
11,52,8887
11,53,8107
11,54,7531
11,55,8738
11,56,9427
11,57,9500
11,58,8382
11,59,7527
11,60,7047
11,61,8737
11,62,9426
11,63,10566
11,64,11226
11,65,11536
11,66,10987
11,67,13070
11,68,13084
11,69,12560
11,70,16940
11,71,14190
11,72,14310
11,73,14352
11,74,5820
11,75,10461
12,0,10199
12,1,7803
12,2,6894
12,3,4307
12,4,4397
12,5,3153
12,6,2950
12,7,3228
12,8,3129
12,9,1615
12,10,1841
12,11,1118
12,12,0
12,13,1164
12,14,1657
12,15,1611
12,16,1838
12,17,2284
12,18,2948
12,19,3967
12,20,3779
12,21,7313
12,22,8047
12,23,8501
12,24,8659
12,25,7541
12,26,6564
12,27,7108
12,28,6566
12,29,5592
12,30,4950
12,31,4373
12,32,5210
12,33,5880
12,34,5868
12,35,4750
12,36,3930
12,37,3476
12,38,5209
12,39,5879
12,40,6948
12,41,7611
12,42,8061
12,43,7573
12,44,10135
12,45,10383
12,46,10171
12,47,11584
12,48,10551
12,49,10618
12,50,11262
12,51,11018
12,52,9948
12,53,9150
12,54,8579
12,55,9839
12,56,10531
12,57,10618
12,58,9500
12,59,8640
12,60,8158
12,61,9839
12,62,10530
12,63,11682
12,64,12341
12,65,12623
12,66,12064
12,67,14038
12,68,14000
12,69,13408
12,70,17887
12,71,15308
12,72,15419
12,73,15458
12,74,4799
12,75,9928
13,0,10562
13,1,8500
13,2,7517
13,3,5168
13,4,5361
13,5,4207
13,6,3804
13,7,3850
13,8,3585
13,9,2595
13,10,2960
13,11,2144
13,12,1164
13,13,0
13,14,522
13,15,1390
13,16,1991
13,17,3050
13,18,3703
13,19,5128
13,20,4912
13,21,8363
13,22,9031
13,23,9374
13,24,9737
13,25,8620
13,26,7728
13,27,8271
13,28,7703
13,29,6747
13,30,6114
13,31,5538
13,32,6304
13,33,6959
13,34,6801
13,35,5691
13,36,4750
13,37,4253
13,38,5911
13,39,6605
13,40,7800
13,41,8451
13,42,9165
13,43,8698
13,44,11298
13,45,11536
13,46,11293
13,47,12748
13,48,11715
13,49,11741
13,50,12377
13,51,12087
13,52,11031
13,53,10250
13,54,9675
13,55,10857
13,56,11542
13,57,11534
13,58,10419
13,59,9500
13,60,9001
13,61,10634
13,62,11332
13,63,12550
13,64,13201
13,65,13669
13,66,13127
13,67,15182
13,68,15158
13,69,14572
13,70,19038
13,71,16220
13,72,16237
13,73,16260
13,74,3677
13,75,10279
14,0,10556
14,1,8664
14,2,7650
14,3,5441
14,4,5686
14,5,4592
14,6,4092
14,7,4031
14,8,3700
14,9,2968
14,10,3397
14,11,2665
14,12,1657
14,13,522
14,14,0
14,15,1746
14,16,2404
14,17,3553
14,18,4200
14,19,5597
14,20,5348
14,21,8727
14,22,9350
14,23,9629
14,24,10119
14,25,9005
14,26,8207
14,27,8760
14,28,8214
14,29,7249
14,30,6600
14,31,6021
14,32,6824
14,33,7480
14,34,7315
14,35,6207
14,36,5252
14,37,4750
14,38,6388
14,39,7085
14,40,8301
14,41,8950
14,42,9685
14,43,9214
14,44,11774
14,45,11988
14,46,11710
14,47,13222
14,48,12197
14,49,12258
14,50,12895
14,51,12609
14,52,11553
14,53,10770
14,54,10195
14,55,11378
14,56,12062
14,57,12043
14,58,10929
14,59,10001
14,60,9500
14,61,11122
14,62,11821
14,63,13051
14,64,13700
14,65,14191
14,66,13649
14,67,15691
14,68,15656
14,69,15055
14,70,19543
14,71,16727
14,72,16727
14,73,16747
14,74,3158
14,75,10268
15,0,11746
15,1,9414
15,2,8502
15,3,5900
15,4,5941
15,5,4637
15,6,4553
15,7,4827
15,8,4682
15,9,3200
15,10,3276
15,11,1838
15,12,1611
15,13,1390
15,14,1746
15,15,0
15,16,700
15,17,2127
15,18,2693
15,19,5111
15,20,5088
15,21,8745
15,22,9551
15,23,10074
15,24,10037
15,25,8924
15,26,7574
15,27,8032
15,28,7259
15,29,6428
15,30,5951
15,31,5411
15,32,5727
15,33,6320
15,34,5881
15,35,4815
15,36,3748
15,37,3227
15,38,4750
15,39,5450
15,40,6754
15,41,7383
15,42,8566
15,43,8184
15,44,11124
15,45,11503
15,46,11433
15,47,12569
15,48,11495
15,49,11183
15,50,11783
15,51,11358
15,52,10346
15,53,9625
15,54,9043
15,55,10024
15,56,10690
15,57,10532
15,58,9428
15,59,8443
15,60,7931
15,61,9500
15,62,10200
15,63,11482
15,64,12120
15,65,12875
15,66,12377
15,67,14701
15,68,14783
15,69,14319
15,70,18594
15,71,15190
15,72,15102
15,73,15110
15,74,4533
15,75,11470
16,0,12032
16,1,9522
16,2,8661
16,3,5941
16,4,5900
16,5,4552
16,6,4638
16,7,5033
16,8,4965
16,9,3276
16,10,3200
16,11,1611
16,12,1838
16,13,1991
16,14,2404
16,15,700
16,16,0
16,17,1512
16,18,2025
16,19,4793
16,20,4863
16,21,8563
16,22,9433
16,23,10050
16,24,9804
16,25,8702
16,26,7156
16,27,7574
16,28,6727
16,29,5954
16,30,5549
16,31,5036
16,32,5162
16,33,5727
16,34,5211
16,35,4161
16,36,3070
16,37,2548
16,38,4050
16,39,4750
16,40,6060
16,41,6687
16,42,7974
16,43,7622
16,44,10675
16,45,11110
16,46,11116
16,47,12112
16,48,11026
16,49,10595
16,50,11183
16,51,10720
16,52,9722
16,53,9021
16,54,8438
16,55,9364
16,56,10024
16,57,9840
16,58,8739
16,59,7747
16,60,7234
16,61,8800
16,62,9500
16,63,10784
16,64,11421
16,65,12220
16,66,11733
16,67,14131
16,68,14247
16,69,13829
16,70,18030
16,71,14494
16,72,14402
16,73,14410
16,74,5229
16,75,11762
17,0,11900
17,1,9031
17,2,8298
17,3,5413
17,4,5202
17,5,3841
17,6,4281
17,7,4912
17,8,5020
17,9,3054
17,10,2662
17,11,1280
17,12,2284
17,13,3050
17,14,3553
17,15,2127
17,16,1512
17,17,0
17,18,667
17,19,3609
17,20,3850
17,21,7528
17,22,8500
17,23,9285
17,24,8668
17,25,7595
17,26,5774
17,27,6144
17,28,5236
17,29,4517
17,30,4209
17,31,3747
17,32,3655
17,33,4216
17,34,3784
17,35,2698
17,36,1700
17,37,1209
17,38,2926
17,39,3602
17,40,4750
17,41,5402
17,42,6462
17,43,6114
17,44,9242
17,45,9737
17,46,9843
17,47,10670
17,48,9574
17,49,9083
17,50,9673
17,51,9231
17,52,8222
17,53,7512
17,54,6929
17,55,7907
17,56,8578
17,57,8493
17,58,7380
17,59,6450
17,60,5952
17,61,7598
17,62,8294
17,63,9500
17,64,10151
17,65,10753
17,66,10250
17,67,12620
17,68,12748
17,69,12357
17,70,16520
17,71,13174
17,72,13196
17,73,13224
17,74,6600
17,75,11649
18,0,12387
18,1,9408
18,2,8727
18,3,5814
18,4,5536
18,5,4203
18,6,4763
18,7,5449
18,8,5597
18,9,3607
18,10,3140
18,11,1913
18,12,2948
18,13,3703
18,14,4200
18,15,2693
18,16,2025
18,17,667
18,18,0
18,19,3700
18,20,4052
18,21,7650
18,22,8674
18,23,9541
18,24,8713
18,25,7670
18,26,5627
18,27,5930
18,28,4914
18,29,4311
18,30,4136
18,31,3741
18,32,3297
18,33,3791
18,34,3189
18,35,2140
18,36,1061
18,37,550
18,38,2261
18,39,2935
18,40,4103
18,41,4750
18,42,6021
18,43,5728
18,44,9005
18,45,9572
18,46,9775
18,47,10415
18,48,9307
18,49,8640
18,50,9209
18,51,8704
18,52,7720
18,53,7046
18,54,6464
18,55,7339
18,56,8001
18,57,7861
18,58,6752
18,59,5802
18,60,5300
18,61,6935
18,62,7632
18,63,8851
18,64,9500
18,65,10195
18,66,9712
18,67,12197
18,68,12375
18,69,12049
18,70,16102
18,71,12536
18,72,12536
18,73,12562
18,74,7209
18,75,12142
19,0,9592
19,1,6180
19,2,5766
19,3,3002
19,4,2421
19,5,1698
19,6,2811
19,7,3712
19,8,4200
19,9,2864
19,10,2247
19,11,3273
19,12,3967
19,13,5128
19,14,5597
19,15,5111
19,16,4793
19,17,3609
19,18,3700
19,19,0
19,20,716
19,21,3950
19,22,4992
19,23,5961
19,24,5060
19,25,3988
19,26,2622
19,27,3221
19,28,3062
19,29,1949
19,30,1092
19,31,550
19,32,2462
19,33,3092
19,34,4150
19,35,3409
19,36,3702
19,37,3741
19,38,4897
19,39,5242
19,40,5423
19,41,6021
19,42,4750
19,43,4111
19,44,6178
19,45,6427
19,46,6328
19,47,7625
19,48,6610
19,49,7061
19,50,7747
19,51,7809
19,52,6695
19,53,5808
19,54,5300
19,55,7004
19,56,7694
19,57,8298
19,58,7255
19,59,6800
19,60,6464
19,61,8184
19,62,8782
19,63,9535
19,64,10195
19,65,9500
19,66,8855
19,67,10288
19,68,10140
19,69,9470
19,70,14066
19,71,12799
19,72,13337
19,73,13444
19,74,8655
19,75,9393
20,0,8912
20,1,5561
20,2,5092
20,3,2290
20,4,1733
20,5,1053
20,6,2162
20,7,3050
20,8,3563
20,9,2460
20,10,1953
20,11,3273
20,12,3779
20,13,4912
20,14,5348
20,15,5088
20,16,4863
20,17,3850
20,18,4052
20,19,716
20,20,0
20,21,3707
20,22,4650
20,23,5494
20,24,4951
20,25,3842
20,26,3046
20,27,3700
20,28,3711
20,29,2597
20,30,1700
20,31,1237
20,32,3176
20,33,3808
20,34,4837
20,35,4042
20,36,4209
20,37,4176
20,38,5471
20,39,5860
20,40,6114
20,41,6720
20,42,5408
20,43,4750
20,44,6518
20,45,6647
20,46,6393
20,47,7951
20,48,6980
20,49,7645
20,50,8337
20,51,8459
20,52,7345
20,53,6450
20,54,5958
20,55,7698
20,56,8385
20,57,9011
20,58,7970
20,59,7512
20,60,7170
20,61,8893
20,62,9495
20,63,10250
20,64,10910
20,65,10154
20,66,9500
20,67,10786
20,68,10577
20,69,9833
20,70,14517
20,71,13499
20,72,14051
20,73,14159
20,74,8317
20,75,8708
21,0,7527
21,1,3833
21,2,4200
21,3,3572
21,4,3100
21,5,4162
21,6,4726
21,7,5197
21,8,5766
21,9,5769
21,10,5489
21,11,6961
21,12,7313
21,13,8363
21,14,8727
21,15,8745
21,16,8563
21,17,7528
21,18,7650
21,19,3950
21,20,3707
21,21,0
21,22,1193
21,23,2550
21,24,1450
21,25,550
21,26,3260
21,27,3758
21,28,4880
21,29,4270
21,30,3798
21,31,3988
21,32,5581
21,33,5886
21,34,7414
21,35,7026
21,36,7573
21,37,7670
21,38,8622
21,39,8823
21,40,8548
21,41,9005
21,42,6178
21,43,5489
21,44,4750
21,45,4220
21,46,3319
21,47,5886
21,48,5300
21,49,7322
21,50,7985
21,51,8685
21,52,7697
21,53,6853
21,54,6610
21,55,8610
21,56,9181
21,57,10325
21,58,9506
21,59,9481
21,60,9307
21,61,10832
21,62,11291
21,63,11601
21,64,12197
21,65,10288
21,66,9573
21,67,9500
21,68,8906
21,69,7788
21,70,12748
21,71,14182
21,72,15173
21,73,15345
21,74,11385
21,75,7433
22,0,6622
22,1,3050
22,2,3688
22,3,3963
22,4,3669
22,5,4915
22,6,5264
22,7,5561
22,8,6091
22,9,6452
22,10,6276
22,11,7822
22,12,8047
22,13,9031
22,14,9350
22,15,9551
22,16,9433
22,17,8500
22,18,8674
22,19,4992
22,20,4650
22,21,1193
22,22,0
22,23,1433
22,24,1700
22,25,1562
22,26,4443
22,27,4915
22,28,6068
22,29,5457
22,30,4951
22,31,5093
22,32,6757
22,33,7076
22,34,8595
22,35,8174
22,36,8668
22,37,8733
22,38,9760
22,39,9984
22,40,9737
22,41,10197
22,42,7325
22,43,6647
22,44,5492
22,45,4750
22,46,3569
22,47,6450
22,48,6033
22,49,8301
22,50,8942
22,51,9727
22,52,8774
22,53,7951
22,54,7740
22,55,9738
22,56,10290
22,57,11475
22,58,10677
22,59,10670
22,60,10499
22,61,12018
22,62,12469
22,63,12748
22,64,13336
22,65,11293
22,66,10577
22,67,10199
22,68,9500
22,69,8280
22,70,13235
22,71,15239
22,72,16281
22,73,16460
22,74,11816
22,75,6561
23,0,5261
23,1,1931
23,2,2860
23,3,4209
23,4,4150
23,5,5507
23,6,5576
23,7,5645
23,8,6100
23,9,6886
23,10,6850
23,11,8456
23,12,8501
23,13,9374
23,14,9629
23,15,10074
23,16,10050
23,17,9285
23,18,9541
23,19,5961
23,20,5494
23,21,2550
23,22,1433
23,23,0
23,24,3032
23,25,2982
23,26,5799
23,27,6308
23,28,7407
23,29,6711
23,30,6109
23,31,6158
23,32,7958
23,33,8336
23,34,9801
23,35,9284
23,36,9661
23,37,9666
23,38,10835
23,39,11116
23,40,10984
23,41,11474
23,42,8726
23,43,8039
23,44,6864
23,45,6041
23,46,4750
23,47,7732
23,48,7398
23,49,9729
23,50,10367
23,51,11159
23,52,10204
23,53,9376
23,54,9152
23,55,11152
23,56,11712
23,57,12874
23,58,12052
23,59,11997
23,60,11801
23,61,13358
23,62,13829
23,63,14149
23,64,14744
23,65,12723
23,66,12008
23,67,11526
23,68,10773
23,69,9500
23,70,14422
23,71,16671
23,72,17705
23,73,17881
23,74,11807
23,75,5224
24,0,8287
24,1,4750
24,2,5344
24,3,5022
24,4,4539
24,5,5531
24,6,6159
24,7,6647
24,8,7216
24,9,7152
24,10,6821
24,11,8223
24,12,8659
24,13,9737
24,14,10119
24,15,10037
24,16,9804
24,17,8668
24,18,8713
24,19,5060
24,20,4951
24,21,1450
24,22,1700
24,23,3032
24,24,0
24,25,1118
24,26,3621
24,27,3891
24,28,5206
24,29,4884
24,30,4650
24,31,4975
24,32,6248
24,33,6408
24,34,8009
24,35,7803
24,36,8500
24,37,8664
24,38,9414
24,39,9522
24,40,9031
24,41,9408
24,42,6180
24,43,5561
24,44,3833
24,45,3050
24,46,1931
24,47,4750
24,48,4366
24,49,6792
24,50,7403
24,51,8291
24,52,7410
24,53,6647
24,54,6524
24,55,8488
24,56,8985
24,57,10286
24,58,9588
24,59,9737
24,60,9638
24,61,11029
24,62,11416
24,63,11536
24,64,12092
24,65,9793
24,66,9081
24,67,8509
24,68,7800
24,69,6587
24,70,11548
24,71,13798
24,72,14942
24,73,15136
24,74,12823
24,75,8238
25,0,8048
25,1,4366
25,2,4750
25,3,3991
25,4,3465
25,5,4415
25,6,5072
25,7,5602
25,8,6178
25,9,6037
25,10,5703
25,11,7115
25,12,7541
25,13,8620
25,14,9005
25,15,8924
25,16,8702
25,17,7595
25,18,7670
25,19,3988
25,20,3842
25,21,550
25,22,1562
25,23,2982
25,24,1118
25,25,0
25,26,2926
25,27,3360
25,28,4556
25,29,4049
25,30,3684
25,31,3950
25,32,5393
25,33,5640
25,34,7204
25,35,6894
25,36,7517
25,37,7650
25,38,8502
25,39,8661
25,40,8298
25,41,8727
25,42,5766
25,43,5092
25,44,4200
25,45,3688
25,46,2860
25,47,5344
25,48,4750
25,49,6806
25,50,7464
25,51,8194
25,52,7224
25,53,6394
25,54,6178
25,55,8176
25,56,8731
25,57,9915
25,58,9128
25,59,9155
25,60,9005
25,61,10490
25,62,10928
25,63,11187
25,64,11774
25,65,9783
25,66,9067
25,67,8950
25,68,8360
25,69,7252
25,70,12209
25,71,13700
25,72,14723
25,73,14900
25,74,11736
25,75,7960
26,0,10491
26,1,6792
26,2,6806
26,3,4750
26,4,4050
26,5,4073
26,6,5138
26,7,5972
26,8,6525
26,9,5464
26,10,4867
26,11,5767
26,12,6564
26,13,7728
26,14,8207
26,15,7574
26,16,7156
26,17,5774
26,18,5627
26,19,2622
26,20,3046
26,21,3260
26,22,4443
26,23,5799
26,24,3621
26,25,2926
26,26,0
26,27,700
26,28,1629
26,29,1368
26,30,1628
26,31,2193
26,32,2700
26,33,2789
26,34,4398
26,35,4307
26,36,5168
26,37,5441
26,38,5900
26,39,5941
26,40,5413
26,41,5814
26,42,3002
26,43,2290
26,44,3572
26,45,3963
26,46,4209
26,47,5022
26,48,3991
26,49,4750
26,50,5450
26,51,5818
26,52,4740
26,53,3842
26,54,3489
26,55,5464
26,56,6082
26,57,7110
26,58,6256
26,59,6231
26,60,6080
26,61,7574
26,62,8032
26,63,8390
26,64,9003
26,65,7501
26,66,6807
26,67,7748
26,68,7536
26,69,6850
26,70,11473
26,71,11189
26,72,12039
26,73,12195
26,74,11277
26,75,10353
27,0,11113
27,1,7403
27,2,7464
27,3,5450
27,4,4750
27,5,4739
27,6,5816
27,7,6659
27,8,7208
27,9,6082
27,10,5464
27,11,6255
27,12,7108
27,13,8271
27,14,8760
27,15,8032
27,16,7574
27,17,6144
27,18,5930
27,19,3221
27,20,3700
27,21,3758
27,22,4915
27,23,6308
27,24,3891
27,25,3360
27,26,700
27,27,0
27,28,1369
27,29,1628
27,30,2163
27,31,2746
27,32,2789
27,33,2700
27,34,4308
27,35,4397
27,36,5361
27,37,5686
27,38,5941
27,39,5900
27,40,5202
27,41,5536
27,42,2421
27,43,1733
27,44,3100
27,45,3669
27,46,4150
27,47,4539
27,48,3465
27,49,4050
27,50,4750
27,51,5139
27,52,4074
27,53,3185
27,54,2873
27,55,4867
27,56,5464
27,57,6566
27,58,5768
27,59,5849
27,60,5748
27,61,7156
27,62,7574
27,63,7842
27,64,8442
27,65,6817
27,66,6119
27,67,7087
27,68,6921
27,69,6308
27,70,10846
27,71,10544
27,72,11443
27,73,11607
27,74,11858
27,75,10983
28,0,11955
28,1,8291
28,2,8194
28,3,5818
28,4,5139
28,5,4750
28,6,5865
28,7,6760
28,8,7259
28,9,5816
28,10,5138
28,11,5590
28,12,6566
28,13,7703
28,14,8214
28,15,7259
28,16,6727
28,17,5236
28,18,4914
28,19,3062
28,20,3711
28,21,4880
28,22,6068
28,23,7407
28,24,5206
28,25,4556
28,26,1629
28,27,1369
28,28,0
28,29,1115
28,30,2014
28,31,2512
28,32,1624
28,33,1363
28,34,2950
28,35,3153
28,36,4207
28,37,4592
28,38,4637
28,39,4552
28,40,3841
28,41,4203
28,42,1698
28,43,1053
28,44,4162
28,45,4915
28,46,5507
28,47,5531
28,48,4415
28,49,4073
28,50,4739
28,51,4750
28,52,3635
28,53,2746
28,54,2247
28,55,4071
28,56,4738
28,57,5593
28,58,4680
28,59,4603
28,60,4453
28,61,5953
28,62,6427
28,63,6871
28,64,7503
28,65,6444
28,66,5794
28,67,7481
28,68,7524
28,69,7135
28,70,11352
28,71,9876
28,72,10591
28,73,10730
28,74,11365
28,75,11799
29,0,11022
29,1,7410
29,2,7224
29,3,4740
29,4,4074
29,5,3635
29,6,4750
29,7,5645
29,8,6145
29,9,4739
29,10,4073
29,11,4681
29,12,5592
29,13,6747
29,14,7249
29,15,6428
29,16,5954
29,17,4517
29,18,4311
29,19,1949
29,20,2597
29,21,4270
29,22,5457
29,23,6711
29,24,4884
29,25,4049
29,26,1368
29,27,1628
29,28,1115
29,29,0
29,30,906
29,31,1401
29,32,1364
29,33,1625
29,34,3155
29,35,2950
29,36,3804
29,37,4092
29,38,4553
29,39,4638
29,40,4281
29,41,4763
29,42,2811
29,43,2162
29,44,4726
29,45,5264
29,46,5576
29,47,6159
29,48,5072
29,49,5138
29,50,5816
29,51,5865
29,52,4750
29,53,3860
29,54,3360
29,55,5137
29,56,5815
29,57,6567
29,58,5591
29,59,5343
29,60,5107
29,61,6727
29,62,7259
29,63,7835
29,64,8480
29,65,7558
29,66,6909
29,67,8460
29,68,8412
29,69,7891
29,70,12295
29,71,10948
29,72,11596
29,73,11723
29,74,10381
29,75,10854
30,0,10210
30,1,6647
30,2,6394
30,3,3842
30,4,3185
30,5,2746
30,6,3860
30,7,4750
30,8,5259
30,9,3946
30,10,3309
30,11,4140
30,12,4950
30,13,6114
30,14,6600
30,15,5951
30,16,5549
30,17,4209
30,18,4136
30,19,1092
30,20,1700
30,21,3798
30,22,4951
30,23,6109
30,24,4650
30,25,3684
30,26,1628
30,27,2163
30,28,2014
30,29,906
30,30,0
30,31,583
30,32,1860
30,33,2343
30,34,3697
30,35,3228
30,36,3850
30,37,4031
30,38,4827
30,39,5033
30,40,4912
30,41,5449
30,42,3712
30,43,3050
30,44,5197
30,45,5561
30,46,5645
30,47,6647
30,48,5602
30,49,5972
30,50,6659
30,51,6760
30,52,5645
30,53,4750
30,54,4261
30,55,6039
30,56,6720
30,57,7438
30,58,6439
30,59,6114
30,60,5836
30,61,7504
30,62,8062
30,63,8698
30,64,9349
30,65,8455
30,66,7800
30,67,9205
30,68,9081
30,69,8457
30,70,12997
30,71,11849
30,72,12474
30,73,12596
30,74,9695
30,75,10032
31,0,10006
31,1,6524
31,2,6178
31,3,3489
31,4,2873
31,5,2247
31,6,3360
31,7,4261
31,8,4750
31,9,3371
31,10,2728
31,11,3588
31,12,4373
31,13,5538
31,14,6021
31,15,5411
31,16,5036
31,17,3747
31,18,3741
31,19,550
31,20,1237
31,21,3988
31,22,5093
31,23,6158
31,24,4975
31,25,3950
31,26,2193
31,27,2746
31,28,2512
31,29,1401
31,30,583
31,31,0
31,32,2000
31,33,2594
31,34,3763
31,35,3129
31,36,3585
31,37,3700
31,38,4682
31,39,4965
31,40,5020
31,41,5597
31,42,4200
31,43,3563
31,44,5766
31,45,6091
31,46,6100
31,47,7216
31,48,6178
31,49,6525
31,50,7208
31,51,7259
31,52,6145
31,53,5259
31,54,4750
31,55,6462
31,56,7151
31,57,7782
31,58,6751
31,59,6338
31,60,6021
31,61,7725
31,62,8310
31,63,9027
31,64,9685
31,65,8950
31,66,8305
31,67,9783
31,68,9664
31,69,9035
31,70,13580
31,71,12262
31,72,12823
31,73,12935
31,74,9112
31,75,9816
32,0,12004
32,1,8488
32,2,8176
32,3,5464
32,4,4867
32,5,4071
32,6,5137
32,7,6039
32,8,6462
32,9,4750
32,10,4050
32,11,4161
32,12,5210
32,13,6304
32,14,6824
32,15,5727
32,16,5162
32,17,3655
32,18,3297
32,19,2462
32,20,3176
32,21,5581
32,22,6757
32,23,7958
32,24,6248
32,25,5393
32,26,2700
32,27,2789
32,28,1624
32,29,1364
32,30,1860
32,31,2000
32,32,0
32,33,700
32,34,1843
32,35,1615
32,36,2595
32,37,2968
32,38,3200
32,39,3276
32,40,3054
32,41,3607
32,42,2864
32,43,2460
32,44,5769
32,45,6452
32,46,6886
32,47,7152
32,48,6037
32,49,5464
32,50,6082
32,51,5816
32,52,4739
32,53,3946
32,54,3371
32,55,4750
32,56,5450
32,57,5883
32,58,4816
32,59,4341
32,60,4022
32,61,5727
32,62,6320
32,63,7100
32,64,7764
32,65,7447
32,66,6866
32,67,8975
32,68,9095
32,69,8754
32,70,12870
32,71,10465
32,72,10910
32,73,11008
32,74,9981
32,75,11815
33,0,12551
33,1,8985
33,2,8731
33,3,6082
33,4,5464
33,5,4738
33,6,5815
33,7,6720
33,8,7151
33,9,5450
33,10,4750
33,11,4815
33,12,5880
33,13,6959
33,14,7480
33,15,6320
33,16,5727
33,17,4216
33,18,3791
33,19,3092
33,20,3808
33,21,5886
33,22,7076
33,23,8336
33,24,6408
33,25,5640
33,26,2789
33,27,2700
33,28,1363
33,29,1625
33,30,2343
33,31,2594
33,32,700
33,33,0
33,34,1617
33,35,1841
33,36,2960
33,37,3397
33,38,3276
33,39,3200
33,40,2662
33,41,3140
33,42,2247
33,43,1953
33,44,5489
33,45,6276
33,46,6850
33,47,6821
33,48,5703
33,49,4867
33,50,5464
33,51,5138
33,52,4073
33,53,3309
33,54,2728
33,55,4050
33,56,4750
33,57,5213
33,58,4163
33,59,3772
33,60,3500
33,61,5162
33,62,5727
33,63,6444
33,64,7104
33,65,6757
33,66,6185
33,67,8411
33,68,8592
33,69,8336
33,70,12314
33,71,9774
33,72,10248
33,73,10353
33,74,10633
33,75,12370
34,0,13742
34,1,10286
34,2,9915
34,3,7110
34,4,6566
34,5,5593
34,6,6567
34,7,7438
34,8,7782
34,9,5883
34,10,5213
34,11,4750
34,12,5868
34,13,6801
34,14,7315
34,15,5881
34,16,5211
34,17,3784
34,18,3189
34,19,4150
34,20,4837
34,21,7414
34,22,8595
34,23,9801
34,24,8009
34,25,7204
34,26,4398
34,27,4308
34,28,2950
34,29,3155
34,30,3697
34,31,3763
34,32,1843
34,33,1617
34,34,0
34,35,1118
34,36,2144
34,37,2665
34,38,1838
34,39,1611
34,40,1280
34,41,1913
34,42,3273
34,43,3273
34,44,6961
34,45,7822
34,46,8456
34,47,8223
34,48,7115
34,49,5767
34,50,6255
34,51,5590
34,52,4681
34,53,4140
34,54,3588
34,55,4161
34,56,4815
34,57,4750
34,58,3632
34,59,2840
34,60,2413
34,61,4159
34,62,4813
34,63,5838
34,64,6502
34,65,7024
34,66,6569
34,67,9331
34,68,9676
34,69,9595
34,70,13219
34,71,9440
34,72,9619
34,73,9681
34,74,10384
34,75,13542
35,0,12937
35,1,9588
35,2,9128
35,3,6256
35,4,5768
35,5,4680
35,6,5591
35,7,6439
35,8,6751
35,9,4816
35,10,4163
35,11,3632
35,12,4750
35,13,5691
35,14,6207
35,15,4815
35,16,4161
35,17,2698
35,18,2140
35,19,3409
35,20,4042
35,21,7026
35,22,8174
35,23,9284
35,24,7803
35,25,6894
35,26,4307
35,27,4397
35,28,3153
35,29,2950
35,30,3228
35,31,3129
35,32,1615
35,33,1841
35,34,1118
35,35,0
35,36,1164
35,37,1657
35,38,1611
35,39,1838
35,40,2284
35,41,2948
35,42,3967
35,43,3779
35,44,7313
35,45,8047
35,46,8501
35,47,8659
35,48,7541
35,49,6564
35,50,7108
35,51,6566
35,52,5592
35,53,4950
35,54,4373
35,55,5210
35,56,5880
35,57,5868
35,58,4750
35,59,3930
35,60,3476
35,61,5209
35,62,5879
35,63,6948
35,64,7611
35,65,8061
35,66,7573
35,67,10135
35,68,10383
35,69,10171
35,70,14038
35,71,10558
35,72,10719
35,73,10774
35,74,9294
35,75,12724
36,0,12900
36,1,9737
36,2,9155
36,3,6231
36,4,5849
36,5,4603
36,6,5343
36,7,6114
36,8,6338
36,9,4341
36,10,3772
36,11,2840
36,12,3930
36,13,4750
36,14,5252
36,15,3748
36,16,3070
36,17,1700
36,18,1061
36,19,3702
36,20,4209
36,21,7573
36,22,8668
36,23,9661
36,24,8500
36,25,7517
36,26,5168
36,27,5361
36,28,4207
36,29,3804
36,30,3850
36,31,3585
36,32,2595
36,33,2960
36,34,2144
36,35,1164
36,36,0
36,37,522
36,38,1390
36,39,1991
36,40,3050
36,41,3703
36,42,5128
36,43,4912
36,44,8363
36,45,9031
36,46,9374
36,47,9737
36,48,8620
36,49,7728
36,50,8271
36,51,7703
36,52,6747
36,53,6114
36,54,5538
36,55,6304
36,56,6959
36,57,6801
36,58,5691
36,59,4750
36,60,4253
36,61,5911
36,62,6605
36,63,7800
36,64,8451
36,65,9165
36,66,8698
36,67,11298
36,68,11536
36,69,11293
36,70,15202
36,71,11478
36,72,11503
36,73,11535
36,74,8269
36,75,12669
37,0,12710
37,1,9638
37,2,9005
37,3,6080
37,4,5748
37,5,4453
37,6,5107
37,7,5836
37,8,6021
37,9,4022
37,10,3500
37,11,2413
37,12,3476
37,13,4253
37,14,4750
37,15,3227
37,16,2548
37,17,1209
37,18,550
37,19,3741
37,20,4176
37,21,7670
37,22,8733
37,23,9666
37,24,8664
37,25,7650
37,26,5441
37,27,5686
37,28,4592
37,29,4092
37,30,4031
37,31,3700
37,32,2968
37,33,3397
37,34,2665
37,35,1657
37,36,522
37,37,0
37,38,1746
37,39,2404
37,40,3553
37,41,4200
37,42,5597
37,43,5348
37,44,8727
37,45,9350
37,46,9629
37,47,10119
37,48,9005
37,49,8207
37,50,8760
37,51,8214
37,52,7249
37,53,6600
37,54,6021
37,55,6824
37,56,7480
37,57,7315
37,58,6207
37,59,5252
37,60,4750
37,61,6388
37,62,7085
37,63,8301
37,64,8950
37,65,9685
37,66,9214
37,67,11774
37,68,11988
37,69,11710
37,70,15679
37,71,11988
37,72,11988
37,73,12015
37,74,7751
37,75,12472
38,0,14258
38,1,11029
38,2,10490
38,3,7574
38,4,7156
38,5,5953
38,6,6727
38,7,7504
38,8,7725
38,9,5727
38,10,5162
38,11,4159
38,12,5209
38,13,5911
38,14,6388
38,15,4750
38,16,4050
38,17,2926
38,18,2261
38,19,4897
38,20,5471
38,21,8622
38,22,9760
38,23,10835
38,24,9414
38,25,8502
38,26,5900
38,27,5941
38,28,4637
38,29,4553
38,30,4827
38,31,4682
38,32,3200
38,33,3276
38,34,1838
38,35,1611
38,36,1390
38,37,1746
38,38,0
38,39,700
38,40,2127
38,41,2693
38,42,5111
38,43,5088
38,44,8745
38,45,9551
38,46,10074
38,47,10037
38,48,8924
38,49,7574
38,50,8032
38,51,7259
38,52,6428
38,53,5951
38,54,5411
38,55,5727
38,56,6320
38,57,5881
38,58,4815
38,59,3748
38,60,3227
38,61,4750
38,62,5450
38,63,6754
38,64,7383
38,65,8566
38,66,8184
38,67,11124
38,68,11503
38,69,11433
38,70,14995
38,71,10481
38,72,10353
38,73,10365
38,74,9266
38,75,14031
39,0,14722
39,1,11416
39,2,10928
39,3,8032
39,4,7574
39,5,6427
39,6,7259
39,7,8062
39,8,8310
39,9,6320
39,10,5727
39,11,4813
39,12,5879
39,13,6605
39,14,7085
39,15,5450
39,16,4750
39,17,3602
39,18,2935
39,19,5242
39,20,5860
39,21,8823
39,22,9984
39,23,11116
39,24,9522
39,25,8661
39,26,5941
39,27,5900
39,28,4552
39,29,4638
39,30,5033
39,31,4965
39,32,3276
39,33,3200
39,34,1611
39,35,1838
39,36,1991
39,37,2404
39,38,700
39,39,0
39,40,1512
39,41,2025
39,42,4793
39,43,4863
39,44,8563
39,45,9433
39,46,10050
39,47,9804
39,48,8702
39,49,7156
39,50,7574
39,51,6727
39,52,5954
39,53,5549
39,54,5036
39,55,5162
39,56,5727
39,57,5211
39,58,4161
39,59,3070
39,60,2548
39,61,4050
39,62,4750
39,63,6060
39,64,6687
39,65,7974
39,66,7622
39,67,10675
39,68,11110
39,69,11116
39,70,14521
39,71,9790
39,72,9653
39,73,9666
39,74,9965
39,75,14502
40,0,15015
40,1,11536
40,2,11187
40,3,8390
40,4,7842
40,5,6871
40,6,7835
40,7,8698
40,8,9027
40,9,7100
40,10,6444
40,11,5838
40,12,6948
40,13,7800
40,14,8301
40,15,6754
40,16,6060
40,17,4750
40,18,4103
40,19,5423
40,20,6114
40,21,8548
40,22,9737
40,23,10984
40,24,9031
40,25,8298
40,26,5413
40,27,5202
40,28,3841
40,29,4281
40,30,4912
40,31,5020
40,32,3054
40,33,2662
40,34,1280
40,35,2284
40,36,3050
40,37,3553
40,38,2127
40,39,1512
40,40,0
40,41,667
40,42,3609
40,43,3850
40,44,7528
40,45,8500
40,46,9285
40,47,8668
40,48,7595
40,49,5774
40,50,6144
40,51,5236
40,52,4517
40,53,4209
40,54,3747
40,55,3655
40,56,4216
40,57,3784
40,58,2698
40,59,1700
40,60,1209
40,61,2926
40,62,3602
40,63,4750
40,64,5402
40,65,6462
40,66,6114
40,67,9242
40,68,9737
40,69,9843
40,70,13060
40,71,8438
40,72,8472
40,73,8516
40,74,11287
40,75,14817
41,0,15603
41,1,12092
41,2,11774
41,3,9003
41,4,8442
41,5,7503
41,6,8480
41,7,9349
41,8,9685
41,9,7764
41,10,7104
41,11,6502
41,12,7611
41,13,8451
41,14,8950
41,15,7383
41,16,6687
41,17,5402
41,18,4750
41,19,6021
41,20,6720
41,21,9005
41,22,10197
41,23,11474
41,24,9408
41,25,8727
41,26,5814
41,27,5536
41,28,4203
41,29,4763
41,30,5449
41,31,5597
41,32,3607
41,33,3140
41,34,1913
41,35,2948
41,36,3703
41,37,4200
41,38,2693
41,39,2025
41,40,667
41,41,0
41,42,3700
41,43,4052
41,44,7650
41,45,8674
41,46,9541
41,47,8713
41,48,7670
41,49,5627
41,50,5930
41,51,4914
41,52,4311
41,53,4136
41,54,3741
41,55,3297
41,56,3791
41,57,3189
41,58,2140
41,59,1061
41,60,550
41,61,2261
41,62,2935
41,63,4103
41,64,4750
41,65,6021
41,66,5728
41,67,9005
41,68,9572
41,69,9775
41,70,12770
41,71,7808
41,72,7808
41,73,7850
41,74,11916
41,75,15409
42,0,13492
42,1,9793
42,2,9783
42,3,7501
42,4,6817
42,5,6444
42,6,7558
42,7,8455
42,8,8950
42,9,7447
42,10,6757
42,11,7024
42,12,8061
42,13,9165
42,14,9685
42,15,8566
42,16,7974
42,17,6462
42,18,6021
42,19,4750
42,20,5408
42,21,6178
42,22,7325
42,23,8726
42,24,6180
42,25,5766
42,26,3002
42,27,2421
42,28,1698
42,29,2811
42,30,3712
42,31,4200
42,32,2864
42,33,2247
42,34,3273
42,35,3967
42,36,5128
42,37,5597
42,38,5111
42,39,4793
42,40,3609
42,41,3700
42,42,0
42,43,716
42,44,3950
42,45,4992
42,46,5961
42,47,5060
42,48,3988
42,49,2622
42,50,3221
42,51,3062
42,52,1949
42,53,1092
42,54,550
42,55,2462
42,56,3092
42,57,4150
42,58,3409
42,59,3702
42,60,3741
42,61,4897
42,62,5242
42,63,5423
42,64,6021
42,65,4750
42,66,4111
42,67,6178
42,68,6427
42,69,6328
42,70,10083
42,71,8223
42,72,9038
42,73,9196
42,74,12842
42,75,13351
43,0,12777
43,1,9081
43,2,9067
43,3,6807
43,4,6119
43,5,5794
43,6,6909
43,7,7800
43,8,8305
43,9,6866
43,10,6185
43,11,6569
43,12,7573
43,13,8698
43,14,9214
43,15,8184
43,16,7622
43,17,6114
43,18,5728
43,19,4111
43,20,4750
43,21,5489
43,22,6647
43,23,8039
43,24,5561
43,25,5092
43,26,2290
43,27,1733
43,28,1053
43,29,2162
43,30,3050
43,31,3563
43,32,2460
43,33,1953
43,34,3273
43,35,3779
43,36,4912
43,37,5348
43,38,5088
43,39,4863
43,40,3850
43,41,4052
43,42,716
43,43,0
43,44,3707
43,45,4650
43,46,5494
43,47,4951
43,48,3842
43,49,3046
43,50,3700
43,51,3711
43,52,2597
43,53,1700
43,54,1237
43,55,3176
43,56,3808
43,57,4837
43,58,4042
43,59,4209
43,60,4176
43,61,5471
43,62,5860
43,63,6114
43,64,6720
43,65,5408
43,66,4750
43,67,6518
43,68,6647
43,69,6393
43,70,10411
43,71,8937
43,72,9750
43,73,9906
43,74,12369
43,75,12636
44,0,12111
44,1,8509
44,2,8950
44,3,7748
44,4,7087
44,5,7481
44,6,8460
44,7,9205
44,8,9783
44,9,8975
44,10,8411
44,11,9331
44,12,10135
44,13,11298
44,14,11774
44,15,11124
44,16,10675
44,17,9242
44,18,9005
44,19,6178
44,20,6518
44,21,4750
44,22,5492
44,23,6864
44,24,3833
44,25,4200
44,26,3572
44,27,3100
44,28,4162
44,29,4726
44,30,5197
44,31,5766
44,32,5769
44,33,5489
44,34,6961
44,35,7313
44,36,8363
44,37,8727
44,38,8745
44,39,8563
44,40,7528
44,41,7650
44,42,3950
44,43,3707
44,44,0
44,45,1193
44,46,2550
44,47,1450
44,48,550
44,49,3260
44,50,3758
44,51,4880
44,52,4270
44,53,3798
44,54,3988
44,55,5581
44,56,5886
44,57,7414
44,58,7026
44,59,7573
44,60,7670
44,61,8622
44,62,8823
44,63,8548
44,64,9005
44,65,6178
44,66,5489
44,67,4750
44,68,4220
44,69,3319
44,70,8143
44,71,10245
44,72,11577
44,73,11801
44,74,14820
44,75,12052
45,0,11300
45,1,7800
45,2,8360
45,3,7536
45,4,6921
45,5,7524
45,6,8412
45,7,9081
45,8,9664
45,9,9095
45,10,8592
45,11,9676
45,12,10383
45,13,11536
45,14,11988
45,15,11503
45,16,11110
45,17,9737
45,18,9572
45,19,6427
45,20,6647
45,21,4220
45,22,4750
45,23,6041
45,24,3050
45,25,3688
45,26,3963
45,27,3669
45,28,4915
45,29,5264
45,30,5561
45,31,6091
45,32,6452
45,33,6276
45,34,7822
45,35,8047
45,36,9031
45,37,9350
45,38,9551
45,39,9433
45,40,8500
45,41,8674
45,42,4992
45,43,4650
45,44,1193
45,45,0
45,46,1433
45,47,1700
45,48,1562
45,49,4443
45,50,4915
45,51,6068
45,52,5457
45,53,4951
45,54,5093
45,55,6757
45,56,7076
45,57,8595
45,58,8174
45,59,8668
45,60,8733
45,61,9760
45,62,9984
45,63,9737
45,64,10197
45,65,7325
45,66,6647
45,67,5492
45,68,4750
45,69,3569
45,70,8533
45,71,11395
45,72,12756
45,73,12983
45,74,14948
45,75,11264
46,0,9982
46,1,6587
46,2,7252
46,3,6850
46,4,6308
46,5,7135
46,6,7891
46,7,8457
46,8,9035
46,9,8754
46,10,8336
46,11,9595
46,12,10171
46,13,11293
46,14,11710
46,15,11433
46,16,11116
46,17,9843
46,18,9775
46,19,6328
46,20,6393
46,21,3319
46,22,3569
46,23,4750
46,24,1931
46,25,2860
46,26,4209
46,27,4150
46,28,5507
46,29,5576
46,30,5645
46,31,6100
46,32,6886
46,33,6850
46,34,8456
46,35,8501
46,36,9374
46,37,9629
46,38,10074
46,39,10050
46,40,9285
46,41,9541
46,42,5961
46,43,5494
46,44,2550
46,45,1433
46,46,0
46,47,3032
46,48,2982
46,49,5799
46,50,6308
46,51,7407
46,52,6711
46,53,6109
46,54,6158
46,55,7958
46,56,8336
46,57,9801
46,58,9284
46,59,9661
46,60,9666
46,61,10835
46,62,11116
46,63,10984
46,64,11474
46,65,8726
46,66,8039
46,67,6864
46,68,6041
46,69,4750
46,70,9683
46,71,12794
46,72,14114
46,73,14335
46,74,14538
46,75,9963
47,0,12987
47,1,9500
47,2,10050
47,3,9081
47,4,8438
47,5,8899
47,6,9856
47,7,10577
47,8,11158
47,9,10411
47,10,9855
47,11,10780
47,12,11584
47,13,12748
47,14,13222
47,15,12569
47,16,12112
47,17,10670
47,18,10415
47,19,7625
47,20,7951
47,21,5886
47,22,6450
47,23,7732
47,24,4750
47,25,5344
47,26,5022
47,27,4539
47,28,5531
47,29,6159
47,30,6647
47,31,7216
47,32,7152
47,33,6821
47,34,8223
47,35,8659
47,36,9737
47,37,10119
47,38,10037
47,39,9804
47,40,8668
47,41,8713
47,42,5060
47,43,4951
47,44,1450
47,45,1700
47,46,3032
47,47,0
47,48,1118
47,49,3621
47,50,3891
47,51,5206
47,52,4884
47,53,4650
47,54,4975
47,55,6248
47,56,6408
47,57,8009
47,58,7803
47,59,8500
47,60,8664
47,61,9414
47,62,9522
47,63,9031
47,64,9408
47,65,6180
47,66,5561
47,67,3833
47,68,3050
47,69,1931
47,70,6866
47,71,10207
47,72,11707
47,73,11954
47,74,16261
47,75,12956
48,0,12650
48,1,9055
48,2,9500
48,3,8271
48,4,7605
48,5,7959
48,6,8954
48,7,9712
48,8,10288
48,9,9430
48,10,8852
48,11,9719
48,12,10551
48,13,11715
48,14,12197
48,15,11495
48,16,11026
48,17,9574
48,18,9307
48,19,6610
48,20,6980
48,21,5300
48,22,6033
48,23,7398
48,24,4366
48,25,4750
48,26,3991
48,27,3465
48,28,4415
48,29,5072
48,30,5602
48,31,6178
48,32,6037
48,33,5703
48,34,7115
48,35,7541
48,36,8620
48,37,9005
48,38,8924
48,39,8702
48,40,7595
48,41,7670
48,42,3988
48,43,3842
48,44,550
48,45,1562
48,46,2982
48,47,1118
48,48,0
48,49,2926
48,50,3360
48,51,4556
48,52,4049
